10 3 3
1510 10 1359
3010 7 210
4510 11 3180
6010 6 4038
7510 9 3857
9010 12 2113
10510 13 961
12010 13 7589
13510 13 13510
15010 13 15010
16510 13 16510
18010 14 17973
19510 11 14298
21010 12 4097
22510 14 19966
24010 13 6227
25510 14 25510
27010 13 944
28510 12 27083
30010 10 17084
31510 14 24064
33010 14 33010
34510 14 34510
36010 14 31642
37510 14 35848
39010 14 39010
40510 11 1244
42010 14 13431
43510 14 15468
45010 15 34262
46510 15 46510
48010 14 33126
49510 15 49510
51010 15 51010
52510 14 34993
54010 15 52271
55510 15 15080
57010 15 57010
58510 15 24033
60010 14 2997
61510 13 55450
63010 15 38475
64510 14 54789
66010 15 66010
67510 15 5617
69010 13 47721
70510 16 67135
72010 15 72010
73510 15 73510
75010 14 49622
76510 15 22574
78010 10 6474
79510 15 70271
81010 16 81010
82510 16 82510
84010 16 84010
85510 14 68197
87010 16 87010
88510 16 88510
90010 16 87844
91510 16 91510
93010 16 93010
94510 15 43390
96010 16 96010
97510 16 97510
99010 16 99010
100510 14 63830
102010 16 11948
103510 16 103510
105010 16 105010
106510 14 80993
108010 16 71051
109510 16 109510
111010 16 98275
112510 14 110044
114010 15 47243
115510 11 27917
117010 16 87016
118510 16 41106
120010 16 120010
121510 16 121510
123010 16 123010
124510 16 55333
126010 16 126010
127510 16 127510
129010 16 129010
130510 16 130510
132010 16 73002
133510 16 133510
135010 16 135010
136510 14 131186
138010 16 138010
139510 15 64860
141010 16 141010
142510 17 20584
144010 16 16484
145510 14 35763
147010 17 74481
148510 17 148510
